$motifScoreMatrix
                       ABL1      ABL2     ADRBK1      AKT1      AKT2       ATM        ATR      AURKA     AURKB
MXRA5;S1304;      0.2894737 0.1111111 0.79166667 0.8620690 0.9000000 0.8367347 0.73333333 0.78571429 0.6818182
HEATR5A;S2032;    0.4605263 0.3333333 0.41666667 0.3891626 0.2666667 1.0000000 1.00000000 0.35714286 0.2954545
TTN;S4761;        0.4342105 0.5555556 0.70833333 0.7389163 0.7333333 0.6938776 0.40000000 0.92857143 0.8409091
KCTD8;S410;       0.2500000 0.2777778 0.33333333 0.6896552 0.7333333 0.4081633 0.20000000 0.35714286 0.4772727
ATP13A5;S833;     0.3289474 0.1666667 0.37500000 0.4482759 0.4666667 0.5918367 0.60000000 0.14285714 0.2045455
TRIOBP;S1176;     0.3815789 0.4444444 0.41666667 0.3940887 0.4000000 0.2244898 0.26666667 0.42857143 0.2500000
                       AURKC BCR/ABL BLK        BTK      CAMK1  CAMK2A      CDK1      CDK2       CDK4      CDK5
MXRA5;S1304;      0.72727273   0.250 0.1 0.61538462 0.57142857 0.71250 0.5329341 0.6057692 0.61764706 0.5114754
HEATR5A;S2032;    0.45454545   0.250 0.2 0.30769231 0.42857143 0.45625 0.4011976 0.5000000 0.41176471 0.3868852
TTN;S4761;        0.63636364   0.250 0.0 0.84615385 0.50000000 0.73125 0.5808383 0.5384615 0.64705882 0.5245902
KCTD8;S410;       0.45454545   0.125 0.3 0.38461538 0.64285714 0.58750 0.2455090 0.3076923 0.17647059 0.2885246
ATP13A5;S833;     0.27272727   0.375 0.4 0.61538462 0.50000000 0.47500 0.3293413 0.3557692 0.29411765 0.2852459
TRIOBP;S1176;     0.09090909   0.250 0.2 0.38461538 0.28571429 0.46250 0.6826347 0.7884615 0.73529412 0.7278689
                        CDK6       CDK7 CDK8      CDKL5      CHEK1      CHUK       CLK2      CSF1R        CSK
MXRA5;S1304;      0.52631579 0.38095238  0.6 0.63157895 0.81818182 0.5483871 0.63157895 0.23076923 0.46153846
HEATR5A;S2032;    0.36842105 0.09523810  0.0 0.36842105 0.39393939 0.4516129 0.36842105 0.61538462 0.23076923
TTN;S4761;        0.47368421 0.33333333  0.6 0.47368421 0.54545455 0.7741935 0.68421053 0.38461538 0.15384615
KCTD8;S410;       0.21052632 0.14285714  0.2 0.63157895 0.66666667 0.2903226 0.73684211 0.46153846 0.23076923
ATP13A5;S833;     0.21052632 0.14285714  0.3 0.15789474 0.21212121 0.5483871 0.47368421 0.46153846 0.15384615
TRIOBP;S1176;     0.68421053 0.42857143  0.5 0.73684211 0.30303030 0.4193548 0.52631579 0.53846154 0.15384615
                    CSNK1A1    CSNK1D    CSNK1E   CSNK2A1 DAPK1      DAPK3      DCLK1     DYRK1A     DYRK1B
MXRA5;S1304;      0.5254237 0.6620690 0.5348837 0.6250000   0.6 0.41666667 0.33333333 0.31818182 0.45454545
HEATR5A;S2032;    0.4237288 0.3931034 0.2790698 0.3277027   0.2 0.16666667 0.41666667 0.27272727 0.18181818
TTN;S4761;        0.6610169 0.7448276 0.6976744 0.6655405   0.4 0.58333333 0.75000000 0.54545455 0.63636364
KCTD8;S410;       0.2203390 0.3448276 0.1860465 0.2837838   0.4 0.50000000 0.41666667 0.45454545 0.27272727
ATP13A5;S833;     0.3898305 0.4275862 0.4186047 0.5506757   0.3 0.33333333 0.25000000 0.13636364 0.09090909
TRIOBP;S1176;     0.3898305 0.4689655 0.3953488 0.3648649   0.3 0.41666667 0.33333333 0.90909091 0.36363636
                        EGFR EIF2AK2   EIF2AK3     EPHA3     EPHA4    FER       FES FGFR1       FRK       FYN
MXRA5;S1304;      0.34285714   0.375 0.2857143 0.2222222 0.1666667 0.1250 0.1111111   0.1 0.2222222 0.2173913
HEATR5A;S2032;    0.31428571   0.125 0.2857143 0.1111111 0.3333333 0.1875 0.1111111   0.2 0.2222222 0.3913043
TTN;S4761;        0.25714286   0.625 0.2857143 0.2222222 0.3333333 0.2500 0.3333333   0.1 0.2222222 0.3804348
KCTD8;S410;       0.40000000   0.250 0.0000000 0.2222222 0.1666667 0.2500 0.2222222   0.3 0.1111111 0.4021739
ATP13A5;S833;     0.28571429   0.000 0.1428571 0.1111111 0.3333333 0.1875 0.2222222   0.1 0.2222222 0.4673913
TRIOBP;S1176;     0.65714286   0.250 0.2857143 0.1111111 0.1666667 0.4375 0.2222222   0.3 0.2222222 0.3043478
                        GRK1 GRK2       GRK3       GRK5 GRK6      GSK3A     GSK3B     GUCY2E        HCK     HIPK2
MXRA5;S1304;      0.72727273 0.76 0.76190476 0.69230769  0.8 0.37704918 0.4896552 0.41666667 0.45454545 0.3333333
HEATR5A;S2032;    0.72727273 0.52 0.52380952 0.23076923  0.2 0.39344262 0.3103448 0.50000000 0.18181818 0.4761905
TTN;S4761;        0.45454545 0.68 0.57142857 0.53846154  0.6 0.47540984 0.5241379 0.91666667 0.45454545 0.5714286
KCTD8;S410;       0.45454545 0.44 0.42857143 0.38461538  0.3 0.16393443 0.2689655 0.33333333 0.18181818 0.1904762
ATP13A5;S833;     0.27272727 0.36 0.38095238 0.23076923  0.3 0.36065574 0.3068966 0.33333333 0.09090909 0.5238095
TRIOBP;S1176;     0.27272727 0.44 0.42857143 0.23076923  0.3 0.80327869 0.6413793 0.16666667 0.18181818 0.7142857
                       IGF1R     IKBKB      IKBKE       INSR      IRAK1   ITK JAK1      JAK2        KDR      LATS1
MXRA5;S1304;      0.16666667 0.5833333 0.65517241 0.23529412 0.66666667 0.375  0.1 0.4285714 0.23076923 0.61538462
HEATR5A;S2032;    0.33333333 0.5000000 0.34482759 0.23529412 0.40000000 0.125  0.5 0.3809524 0.23076923 0.15384615
TTN;S4761;        0.33333333 0.7833333 0.72413793 0.11764706 0.60000000 0.250  0.4 0.3968254 0.30769231 0.30769231
KCTD8;S410;       0.25000000 0.2833333 0.44827586 0.64705882 0.13333333 0.250  0.4 0.3492063 0.07692308 0.61538462
ATP13A5;S833;     0.16666667 0.3333333 0.34482759 0.41176471 0.60000000 0.125  0.8 0.3174603 0.30769231 0.23076923
TRIOBP;S1176;     0.50000000 0.4000000 0.34482759 0.29411765 0.73333333 0.250  0.4 0.2857143 0.07692308 0.30769231
                       LATS2       LCK     LRRK2       LYN     MAP2K1    MAP2K3    MAP2K4 MAP2K6 MAP3K1   MAP3K11
MXRA5;S1304;      0.61538462 0.2459016 0.1111111 0.3278689 0.66666667 0.5000000 0.4444444  0.375  0.375 0.5714286
HEATR5A;S2032;    0.15384615 0.3606557 0.2222222 0.4098361 0.25000000 0.3333333 0.0000000  0.000  0.125 0.4285714
TTN;S4761;        0.30769231 0.3606557 0.5555556 0.3114754 0.58333333 0.3333333 0.0000000  0.000  0.375 0.4285714
KCTD8;S410;       0.61538462 0.3770492 0.3333333 0.2459016 0.25000000 0.3333333 0.0000000  0.250  0.250 0.2857143
ATP13A5;S833;     0.23076923 0.3606557 0.5555556 0.4918033 0.50000000 0.1666667 0.0000000  0.000  0.375 0.4285714
TRIOBP;S1176;     0.30769231 0.2295082 0.1111111 0.4098361 0.66666667 0.1666667 0.5555556  0.125  0.500 0.2857143
                      MAP3K2    MAP3K5     MAP3K7    MAP4K1     MAPK1    MAPK10 MAPK13    MAPK14     MAPK3      MAPK7
MXRA5;S1304;      0.36363636 0.2222222 0.53333333 0.6666667 0.3956522 0.5384615 0.6250 0.5344828 0.4867257 0.30434783
HEATR5A;S2032;    0.54545455 0.4444444 0.26666667 0.2222222 0.3608696 0.4358974 0.3125 0.3793103 0.3952802 0.39130435
TTN;S4761;        1.00000000 0.4444444 0.66666667 0.3333333 0.4463768 0.3333333 0.8125 0.6508621 0.5280236 0.60869565
KCTD8;S410;       0.27272727 0.6666667 0.40000000 0.6666667 0.2217391 0.2051282 0.6250 0.2715517 0.2743363 0.17391304
ATP13A5;S833;     0.45454545 0.1111111 0.46666667 0.3333333 0.2608696 0.4615385 0.1250 0.3232759 0.2743363 0.26086957
TRIOBP;S1176;     0.27272727 0.1111111 0.20000000 0.2222222 0.6086957 0.7179487 0.4375 0.5862069 0.6430678 0.69565217
                      MAPK8     MAPK9   MAPKAPK2      MARK2      MARK4      MELK  MET     MKNK1        MOS MST1R
MXRA5;S1304;      0.4802260 0.4545455 0.54794521 0.45454545 0.45454545 0.4444444 0.36 0.7777778 0.72727273   0.4
HEATR5A;S2032;    0.3389831 0.4181818 0.38356164 0.31818182 0.18181818 0.5555556 0.32 0.4444444 0.36363636   0.2
TTN;S4761;        0.4632768 0.4181818 0.76712329 0.90909091 0.81818182 0.5555556 0.44 0.6666667 0.72727273   1.0
KCTD8;S410;       0.2824859 0.2000000 0.56164384 0.31818182 0.45454545 0.4444444 0.40 0.1111111 0.18181818   0.2
ATP13A5;S833;     0.3107345 0.3636364 0.41095890 0.31818182 0.18181818 0.6666667 0.32 0.3333333 0.27272727   0.4
TRIOBP;S1176;     0.6384181 0.4909091 0.39726027 0.27272727 0.36363636 0.2222222 0.60 0.4444444 0.45454545   0.6
                       MTOR       MYLK     NTRK2      PAK1       PAK2       PAK3     PDGFRB      PDPK1       PIM1
MXRA5;S1304;      0.5894309 0.53333333 0.1666667 0.8055556 0.28571429 0.54545455 0.50000000 0.37142857 0.84210526
HEATR5A;S2032;    0.3821138 0.20000000 0.6666667 0.3611111 0.21428571 0.54545455 0.58333333 0.51428571 0.21052632
TTN;S4761;        0.5121951 0.40000000 0.1666667 0.7500000 0.71428571 0.36363636 0.50000000 0.42857143 0.84210526
KCTD8;S410;       0.3252033 0.40000000 0.5000000 0.5277778 0.28571429 0.09090909 0.08333333 0.57142857 0.47368421
ATP13A5;S833;     0.3495935 0.26666667 0.0000000 0.2500000 0.21428571 0.36363636 0.50000000 0.25714286 0.26315789
TRIOBP;S1176;     0.5528455 0.26666667 0.1666667 0.3333333 0.00000000 0.27272727 0.33333333 0.31428571 0.26315789
                        PIM2       PIM3 PINK1       PKN1      PLK1      PLK4     PRKAA1     PRKAA2    PRKACA
MXRA5;S1304;      0.84210526 0.78947368 0.625 0.57142857 0.7636364 0.5142857 0.66666667 0.65517241 0.6871961
HEATR5A;S2032;    0.15789474 0.15789474 0.750 0.42857143 0.3818182 0.6285714 0.51515152 0.55172414 0.3646677
TTN;S4761;        0.78947368 0.68421053 0.875 0.61904762 0.7454545 0.7142857 0.75000000 0.79310345 0.8768233
KCTD8;S410;       0.42105263 0.63157895 0.625 0.57142857 0.3272727 0.4571429 0.56818182 0.48275862 0.5769854
ATP13A5;S833;     0.31578947 0.15789474 0.750 0.23809524 0.3454545 0.4000000 0.49242424 0.44827586 0.3841167
TRIOBP;S1176;     0.21052632 0.31578947 0.500 0.38095238 0.3636364 0.4000000 0.34090909 0.34482759 0.3662885
                      PRKCA     PRKCB     PRKCD     PRKCE  PRKCG      PRKCH PRKCI     PRKCQ     PRKCZ      PRKD1
MXRA5;S1304;      0.8452830 0.8032787 0.6461538 0.7755102 0.7500 0.53846154   0.6 0.9090909 0.8108108 0.68292683
HEATR5A;S2032;    0.4905660 0.5901639 0.5692308 0.3877551 0.3125 0.30769231   0.1 0.4848485 0.2432432 0.46341463
TTN;S4761;        0.8679245 0.7868852 0.8000000 0.7551020 0.5625 0.69230769   0.6 0.9393939 0.9189189 0.85365854
KCTD8;S410;       0.5433962 0.5081967 0.4307692 0.4285714 0.4375 0.38461538   0.4 0.7272727 0.4864865 0.51219512
ATP13A5;S833;     0.4000000 0.5573770 0.5692308 0.3877551 0.3750 0.38461538   0.2 0.4545455 0.4324324 0.39024390
TRIOBP;S1176;     0.5396226 0.4098361 0.4000000 0.6326531 0.4375 0.38461538   0.5 0.4242424 0.3783784 0.46341463
                       PRKDC PRKG1      PRKG2       PTK2      PTK2B      PTK6     RIPK3      ROCK1     ROCK2
MXRA5;S1304;      0.61538462 0.500 0.40909091 0.13333333 0.27272727 0.0000000 0.5333333 0.77142857 0.7500000
HEATR5A;S2032;    0.61538462 0.300 0.36363636 0.46666667 0.27272727 0.1111111 0.9333333 0.45714286 0.2500000
TTN;S4761;        0.76923077 0.950 0.72727273 0.26666667 0.54545455 0.3333333 0.8666667 0.71428571 0.7222222
KCTD8;S410;       0.30769231 0.600 0.36363636 0.20000000 0.63636364 0.1111111 0.3333333 0.74285714 0.6666667
ATP13A5;S833;     0.38461538 0.375 0.18181818 0.60000000 0.36363636 0.4444444 0.6000000 0.40000000 0.4166667
TRIOBP;S1176;     0.23076923 0.250 0.31818182 0.46666667 0.18181818 0.7777778 0.4000000 0.34285714 0.6111111
                     RPS6KA1    RPS6KA3    RPS6KA5   RPS6KB1    SGK1       SIK1       SIK2       SIK3       SRC STK11
MXRA5;S1304;      0.98113208 0.92592593 0.92682927 0.8000000 0.84375 0.74074074 0.78947368 0.73333333 0.2463054   0.2
HEATR5A;S2032;    0.37735849 0.44444444 0.41463415 0.3777778 0.28125 0.55555556 0.63157895 0.46666667 0.4334975   0.6
TTN;S4761;        0.86792453 0.74074074 0.78048780 0.6444444 0.68750 0.77777778 0.73684211 0.53333333 0.3645320   0.3
KCTD8;S410;       0.66037736 0.40740741 0.39024390 0.6888889 0.50000 0.33333333 0.21052632 0.13333333 0.3645320   0.7
ATP13A5;S833;     0.24528302 0.29629630 0.36585366 0.3333333 0.46875 0.44444444 0.57894737 0.46666667 0.3793103   0.3
TRIOBP;S1176;     0.41509434 0.48148148 0.43902439 0.3111111 0.25000 0.37037037 0.36842105 0.26666667 0.3349754   0.3
                      STK17B STK24  STK3  STK38 STK39       STK4       SYK      TBK1        TEC      TRPM7     TSSK4
MXRA5;S1304;      0.42857143 0.625 0.750 0.6875   0.6 0.80000000 0.4285714 0.6976744 0.16666667 0.93333333 0.6666667
HEATR5A;S2032;    0.38095238 0.250 0.125 0.1250   0.2 0.40000000 0.5714286 0.3720930 0.33333333 0.46666667 0.4444444
TTN;S4761;        0.61904762 0.375 0.500 0.5000   0.8 0.60000000 0.5510204 0.6511628 0.16666667 0.66666667 0.4444444
KCTD8;S410;       0.28571429 0.125 0.375 0.7500   0.3 0.40000000 0.4081633 0.4418605 0.33333333 0.33333333 0.2222222
ATP13A5;S833;     0.23809524 0.375 0.000 0.1250   0.0 0.33333333 0.5510204 0.3953488 0.41666667 0.40000000 0.3333333
TRIOBP;S1176;     0.23809524 0.750 0.250 0.1875   0.4 0.60000000 0.4897959 0.5581395 0.50000000 0.66666667 0.3333333
                   ULK1      WNK1       WNK4 YES1      ZAP70
MXRA5;S1304;      0.250 0.6666667 0.61538462  0.3 0.21428571
HEATR5A;S2032;    0.125 0.4444444 0.53846154  0.3 0.14285714
TTN;S4761;        0.375 0.6666667 0.76923077  0.1 0.42857143
KCTD8;S410;       0.125 0.4444444 0.61538462  0.0 0.28571429
ATP13A5;S833;     0.250 0.1111111 0.23076923  0.1 0.35714286
TRIOBP;S1176;     0.250 0.4444444 0.46153846  0.6 0.57142857
 [ reached getOption("max.print") -- omitted 426 rows ]

$profileScoreMatrix
                          ABL2        AURKA      CAMK2A      CAMK2B       CAMK4         CDC7         CDK1
MXRA5;S1304;      0.9986882681 0.9980560219 0.999848004 0.999848004 0.999848004 0.9997250530 0.9996223571
HEATR5A;S2032;    0.9985108886 0.9972132792 0.999940041 0.999940041 0.999940041 0.9999319556 0.9992059792
TTN;S4761;        0.9972489176 0.9936388312 0.999111718 0.999111718 0.999111718 0.9995313417 0.9970685275
KCTD8;S410;       0.9986095471 0.9991485484 0.998815082 0.998815082 0.998815082 0.9985170541 0.9999220289
ATP13A5;S833;     0.9974731864 0.9953269205 0.999668024 0.999668024 0.999668024 0.9997830164 0.9978981457
TRIOBP;S1176;     0.9965367618 0.9923516094 0.998601562 0.998601562 0.998601562 0.9991223996 0.9961459287
NHSL2;S691;       0.9988443909 0.9979694703 0.999805853 0.999805853 0.999805853 0.9997413858 0.9996661679
PDGFRA;S767;      0.9990517792 0.9962979574 0.999647824 0.999647824 0.999647824 0.9999707729 0.9991028804
MALRD1;T542;      0.9984708334 0.9964397713 0.999851630 0.999851630 0.999851630 0.9999895209 0.9988729655
RABEP1;S742;      0.9954101876 0.9918354429 0.998346919 0.998346919 0.998346919 0.9986999387 0.9953325108
TBXA2R;S329;      0.9924320878 0.9951563483 0.998290991 0.998290991 0.998290991 0.9972506292 0.9950797826
CIC;S1373;        0.9912213037 0.9967425098 0.997517693 0.997517693 0.997517693 0.9959069342 0.9950050731
NHSL2;S342;       0.9984394107 0.9942220886 0.999154550 0.999154550 0.999154550 0.9997568484 0.9979234266
ABCF1;S595;       0.9966268270 0.9995692263 0.996637986 0.996637986 0.996637986 0.9958822210 0.9988642067
NDRG1;S330;       0.9979804017 0.9989288141 0.999674369 0.999674369 0.999674369 0.9992129411 0.9995812757
RBM20;S742;       0.9987630182 0.9981622518 0.999793887 0.999793887 0.999793887 0.9996720052 0.9996985252
CD248;S746;       0.9946506253 0.9892865998 0.997138722 0.997138722 0.997138722 0.9978666837 0.9938282581
EPHA2;S901;       0.9986326718 0.9990166501 0.999252743 0.999252743 0.999252743 0.9989616801 0.9999200041
CDK18;S89;        0.9979133590 0.9990340707 0.999614741 0.999614741 0.999614741 0.9991192703 0.9995825465
USP11;S733;       0.9993275722 0.9979095144 0.999466988 0.999466988 0.999466988 0.9995546306 0.9998655846
RAB3IL1;S168;     0.9991190700 0.9984265739 0.999380187 0.999380187 0.999380187 0.9993193615 0.9999527328
PLEKHA4;S575;     0.9969969932 0.9927962249 0.998775687 0.998775687 0.998775687 0.9993154906 0.9965762913
SLC35B2;S427;     0.9988347063 0.9976013374 0.999856364 0.999856364 0.999856364 0.9998585216 0.9995205753
HNRNPA0;S188;     0.9950589458 0.9998884775 0.997838753 0.997838753 0.997838753 0.9965593638 0.9982749423
MAP1B;S1785;      0.9960529842 0.9997910774 0.998578449 0.998578449 0.998578449 0.9975261542 0.9988195625
MAP1B;S1785;      0.9958712788 0.9998030669 0.996607980 0.996607980 0.996607980 0.9956184760 0.9985591416
BRD4;S1126;       0.9991138306 0.9974205240 0.999738104 0.999738104 0.999738104 0.9998523247 0.9995849336
PSIP1;S177;       0.9971914332 0.9927194577 0.998723815 0.998723815 0.998723815 0.9993303605 0.9966431210
SEC16B;S234;      0.9950825710 0.9919425425 0.998355506 0.998355506 0.998355506 0.9986048454 0.9952043412
NFIX;S268;        0.9983286402 0.9952686387 0.999577477 0.999577477 0.999577477 0.9999237896 0.9983140619
PSIP1;T141;       0.9979314262 0.9991341175 0.999533813 0.999533813 0.999533813 0.9990278905 0.9996243670
                          CDK2         CDK5         CDK6      CSNK2A1        HIPK2        LATS1        LATS2
MXRA5;S1304;      0.9995318966 0.9977405030 0.9997250530 9.972631e-01 0.9991960496 0.9995975163 0.9995975163
HEATR5A;S2032;    0.9990219281 0.9968264313 0.9999319556 9.980125e-01 0.9994982400 0.9995464974 0.9995464974
TTN;S4761;        0.9965571702 0.9930478527 0.9995313417 9.993285e-01 0.9994728592 0.9985209080 0.9985209080
KCTD8;S410;       0.9999943761 0.9990003058 0.9985170541 9.949377e-01 0.9978621329 0.9991029524 0.9991029524
ATP13A5;S833;     0.9975964409 0.9948128033 0.9997830164 9.987060e-01 0.9994353183 0.9988390585 0.9988390585
TRIOBP;S1176;     0.9955535628 0.9917018451 0.9991223996 9.993814e-01 0.9991495412 0.9979050750 0.9979050750
NHSL2;S691;       0.9995403685 0.9976535528 0.9997413858 9.973738e-01 0.9992724722 0.9996806214 0.9996806214
PDGFRA;S767;      0.9987082207 0.9958779502 0.9999707729 9.987429e-01 0.9998673055 0.9997923773 0.9997923773
MALRD1;T542;      0.9985843448 0.9960041626 0.9999895209 9.985482e-01 0.9996904609 0.9995069391 0.9995069391
RABEP1;S742;      0.9948305549 0.9911545960 0.9986999387 9.988548e-01 0.9985445423 0.9971116754 0.9971116754
TBXA2R;S329;      0.9954860817 0.9946781997 0.9972506292 9.941836e-01 0.9957261817 0.9951349626 0.9951349626
CIC;S1373;        0.9958111775 0.9964288413 0.9959069342 9.911126e-01 0.9938486436 0.9940229337 0.9940229337
NHSL2;S342;       0.9973209925 0.9936862891 0.9997568484 9.995607e-01 0.9999040516 0.9992672717 0.9992672717
ABCF1;S595;       0.9992778022 0.9996120515 0.9958822210 9.906287e-01 0.9948187826 0.9969748614 0.9969748614
NDRG1;S330;       0.9997179236 0.9986813923 0.9992129411 9.958738e-01 0.9983575160 0.9990608932 0.9990608932
RBM20;S742;       0.9996120214 0.9978601457 0.9996720052 9.971440e-01 0.9991484366 0.9996196309 0.9996196309
CD248;S746;       0.9930698680 0.9885156733 0.9978666837 9.990786e-01 0.9980690222 0.9962197363 0.9962197363
EPHA2;S901;       0.9999719707 0.9988212899 0.9989616801 9.956293e-01 0.9982985508 0.9992970835 0.9992970835
CDK18;S89;        0.9997437443 0.9987984713 0.9991192703 9.956669e-01 0.9982326358 0.9989920815 0.9989920815
USP11;S733;       0.9996591571 0.9976254336 0.9995546306 9.972673e-01 0.9992526872 0.9998483145 0.9998483145
RAB3IL1;S168;     0.9998500518 0.9981844140 0.9993193615 9.965861e-01 0.9988781098 0.9996688242 0.9996688242
PLEKHA4;S575;     0.9959805388 0.9921699647 0.9993154906 9.994836e-01 0.9993695860 0.9982510277 0.9982510277
SLC35B2;S427;     0.9993440110 0.9972543236 0.9998585216 9.977534e-01 0.9994481753 0.9997049110 0.9997049110
HNRNPA0;S188;     0.9989683245 0.9998282338 0.9965593638 9.909963e-01 0.9949232176 0.9964680177 0.9964680177
MAP1B;S1785;      0.9993565863 0.9996737175 0.9975261542 9.926049e-01 0.9961049732 0.9973903232 0.9973903232
MAP1B;S1785;      0.9991164807 0.9998547336 0.9956184760 9.899525e-01 0.9943173224 0.9964835878 0.9964835878
BRD4;S1126;       0.9993413042 0.9970746317 0.9998523247 9.979188e-01 0.9995577471 0.9998369423 0.9998369423
PSIP1;S177;       0.9960077739 0.9920948875 0.9993303605 9.995953e-01 0.9994537219 0.9983539345 0.9983539345
SEC16B;S234;      0.9947656136 0.9912640700 0.9986048454 9.985845e-01 0.9983434952 0.9969071854 0.9969071854
NFIX;S268;        0.9978784847 0.9947702096 0.9999237896 9.991317e-01 0.9998192579 0.9993395737 0.9993395737
PSIP1;T141;       0.9997968294 0.9989130087 0.9990278905 9.954861e-01 0.9981351947 0.9989681061 0.9989681061
                        MAP3K8        MAPK1       MAPK13        MAPK3        MAPK8         MELK         MTOR
MXRA5;S1304;      0.9997250530 0.9996487351 9.986457e-01 0.9995542035 0.9973378746 0.9996711932 0.9985754490
HEATR5A;S2032;    0.9999319556 0.9992003696 9.978580e-01 0.9990532288 0.9962498434 0.9994139136 0.9977627109
TTN;S4761;        0.9995313417 0.9969252718 9.945370e-01 0.9966054658 0.9921275523 0.9977736883 0.9944733485
KCTD8;S410;       0.9985170541 0.9999794457 9.997008e-01 0.9999872286 0.9991530747 0.9996375131 0.9997881422
ATP13A5;S833;     0.9997830164 0.9978739366 9.959881e-01 0.9976512198 0.9937946786 0.9983563379 0.9957606104
TRIOBP;S1176;     0.9991223996 0.9959733921 9.933005e-01 0.9956087687 0.9906469638 0.9969853876 0.9932223052
NHSL2;S691;       0.9997413858 0.9996652749 9.986166e-01 0.9995575279 0.9973416463 0.9997399179 0.9986074784
PDGFRA;S767;      0.9999707729 0.9989523919 9.972422e-01 0.9987187727 0.9956602635 0.9995001957 0.9974292784
MALRD1;T542;      0.9999895209 0.9988139202 9.971886e-01 0.9986157472 0.9954153097 0.9992177574 0.9971474651
RABEP1;S742;      0.9986999387 0.9952482007 9.925923e-01 0.9949093261 0.9896772759 0.9961511636 0.9922716521
TBXA2R;S329;      0.9972506292 0.9955862773 9.947019e-01 0.9956352617 0.9920022050 0.9950036106 0.9933210353
CIC;S1373;        0.9959069342 0.9957286355 9.958579e-01 0.9959671905 0.9936674910 0.9944357489 0.9942098881
NHSL2;S342;       0.9997568484 0.9976776524 9.953464e-01 0.9973378833 0.9933318756 0.9986180460 0.9955903370
ABCF1;S595;       0.9958822210 0.9990781125 9.998218e-01 0.9992603505 0.9999873401 0.9980928003 0.9998143969
NDRG1;S330;       0.9992129411 0.9997454324 9.992395e-01 0.9997522441 0.9980814077 0.9993833832 0.9989503045
RBM20;S742;       0.9996720052 0.9997203058 9.987639e-01 0.9996306031 0.9975261092 0.9997268755 0.9987223759
CD248;S746;       0.9978666837 0.9935961726 9.903377e-01 0.9931395112 0.9871799252 0.9949442236 0.9902274332
EPHA2;S901;       0.9989616801 0.9999884848 9.995378e-01 0.9999769084 0.9987507973 0.9997117043 0.9995360851
CDK18;S89;        0.9991192703 0.9997590471 9.993207e-01 0.9997779306 0.9982033819 0.9993520959 0.9990196847
USP11;S733;       0.9995546306 0.9997837464 9.987326e-01 0.9996540481 0.9977131760 0.9999529133 0.9989499908
RAB3IL1;S168;     0.9993193615 0.9999276388 9.991372e-01 0.9998469461 0.9982457968 0.9999130033 0.9992833624
PLEKHA4;S575;     0.9993154906 0.9963876202 9.937835e-01 0.9960276388 0.9912631495 0.9973867293 0.9937741760
SLC35B2;S427;     0.9998585216 0.9994979801 9.982889e-01 0.9993636008 0.9968928748 0.9996705407 0.9982863809
HNRNPA0;S188;     0.9965593638 0.9987654859 9.995407e-01 0.9990257549 0.9988604818 0.9974465613 0.9987671263
MAP1B;S1785;      0.9975261542 0.9992210088 9.996224e-01 0.9994089626 0.9987829636 0.9981740968 0.9989729408
MAP1B;S1785;      0.9956184760 0.9988798706 9.998317e-01 0.9991176660 0.9999031223 0.9976769862 0.9995945469
BRD4;S1126;       0.9998523247 0.9995095146 9.982196e-01 0.9993505249 0.9968963411 0.9997797192 0.9983380989
PSIP1;S177;       0.9993303605 0.9964226712 9.937740e-01 0.9960484184 0.9913023172 0.9974786402 0.9938389102
SEC16B;S234;      0.9986048454 0.9951678836 9.925988e-01 0.9948530681 0.9896340705 0.9959762710 0.9921731164
NFIX;S268;        0.9999237896 0.9981766765 9.961713e-01 0.9979082105 0.9941974260 0.9988437412 0.9962214100
PSIP1;T141;       0.9990278905 0.9998013453 9.994222e-01 0.9998280389 0.9983735377 0.9993669877 0.9991398323
                         PAK1       PRKAA1       PRKACA        PRKCA        PRKCB        ROCK1     RPS6KA3
MXRA5;S1304;      0.999658310 0.9998232786 0.9996901577 0.9997466192 9.986457e-01 0.9996623192 0.999848004
HEATR5A;S2032;    0.999229216 0.9998987973 0.9997878292 0.9998424779 9.978580e-01 0.9999238336 0.999940041
TTN;S4761;        0.996934122 0.9990065827 0.9989245705 0.9989890906 9.945370e-01 0.9996393718 0.999111718
KCTD8;S410;       0.999871985 0.9988132381 0.9985951518 0.9986702834 9.997008e-01 0.9982877581 0.998815082
ATP13A5;S833;     0.998000833 0.9996112083 0.9995694783 0.9996080004 9.959881e-01 0.9999070569 0.999668024
TRIOBP;S1176;     0.995993733 0.9984817733 0.9984162101 0.9984800649 9.933005e-01 0.9992733673 0.998601562
NHSL2;S691;       0.999630375 0.9997712554 0.9996175881 0.9996830332 9.986166e-01 0.9996548263 0.999805853
PDGFRA;S767;      0.998776348 0.9995519711 0.9993522044 0.9994491378 9.972422e-01 0.9998723595 0.999647824
MALRD1;T542;      0.998804063 0.9997877002 0.9996678633 0.9997317282 9.971886e-01 0.9999907061 0.999851630
RABEP1;S742;      0.995445384 0.9982568252 0.9982791908 0.9983082303 9.925923e-01 0.9989661166 0.998346919
TBXA2R;S329;      0.996551748 0.9984283197 0.9987695558 0.9986376542 9.947019e-01 0.9978074050 0.998290991
CIC;S1373;        0.996886047 0.9977448659 0.9981449213 0.9979694373 9.958579e-01 0.9964661357 0.997517693
NHSL2;S342;       0.997461947 0.9990162427 0.9988197707 0.9989280165 9.953464e-01 0.9997089926 0.999154550
ABCF1;S595;       0.999036984 0.9967060010 0.9964840642 0.9965400553 9.998218e-01 0.9955715585 0.996637986
NDRG1;S330;       0.999913263 0.9997041342 0.9996318670 0.9996543975 9.992395e-01 0.9991938198 0.999674369
RBM20;S742;       0.999708807 0.9997684375 0.9996230686 0.9996833892 9.987639e-01 0.9995895679 0.999793887
CD248;S746;       0.993641805 0.9969890310 0.9969582789 0.9970203972 9.903377e-01 0.9981072383 0.997138722
EPHA2;S901;       0.999946503 0.9992516015 0.9990724763 0.9991358017 9.995378e-01 0.9987968373 0.999252743
CDK18;S89;        0.999935311 0.9996497873 0.9995792611 0.9995997409 9.993207e-01 0.9990974200 0.999614741
USP11;S733;       0.999583651 0.9994053916 0.9991692927 0.9992671223 9.987326e-01 0.9993590162 0.999466988
RAB3IL1;S168;     0.999778724 0.9993419990 0.9991218972 0.9992081735 9.991372e-01 0.9991255322 0.999380187
PLEKHA4;S575;     0.996357540 0.9986517061 0.9985583141 0.9986316809 9.937835e-01 0.9994244795 0.998775687
SLC35B2;S427;     0.999458700 0.9998117642 0.9996618199 0.9997290553 9.982889e-01 0.9997888407 0.999856364
HNRNPA0;S188;     0.999283108 0.9979994376 0.9980554355 0.9980017626 9.995407e-01 0.9966146744 0.997838753
MAP1B;S1785;      0.999649054 0.9987029698 0.9987277203 0.9986938548 9.996224e-01 0.9975679542 0.998578449
MAP1B;S1785;      0.999005744 0.9967151788 0.9965691021 0.9965911288 9.998317e-01 0.9953928234 0.996607980
BRD4;S1126;       0.999382201 0.9996745138 0.9994835591 0.9995685178 9.982196e-01 0.9997343173 0.999738104
PSIP1;S177;       0.996338591 0.9985884792 0.9984697373 0.9985539486 9.937740e-01 0.9994090740 0.998723815
SEC16B;S234;      0.995441463 0.9982828542 0.9983402240 0.9983537768 9.925988e-01 0.9989109355 0.998355506
NFIX;S268;        0.998101430 0.9994808949 0.9993424910 0.9994213470 9.961713e-01 0.9999286388 0.999577477
PSIP1;T141;       0.999963824 0.9995700435 0.9994904613 0.9995132954 9.994222e-01 0.9989896311 0.999533813
                       RPS6KB1        SGK1        STK38        UHMK1
MXRA5;S1304;      0.9994391267 0.999875924 0.9995975163 9.986457e-01
HEATR5A;S2032;    0.9995424142 0.999851234 0.9995464974 9.978580e-01
TTN;S4761;        0.9986443805 0.998829261 0.9985209080 9.945370e-01
KCTD8;S410;       0.9982822410 0.999251147 0.9991029524 9.997008e-01
ATP13A5;S833;     0.9993777701 0.999250905 0.9988390585 9.959881e-01
TRIOBP;S1176;     0.9981379109 0.998230690 0.9979050750 9.933005e-01
NHSL2;S691;       0.9993361516 0.999916903 0.9996806214 9.986166e-01
PDGFRA;S767;      0.9989634629 0.999906524 0.9997923773 9.972422e-01
MALRD1;T542;      0.9993909159 0.999780437 0.9995069391 9.971886e-01
RABEP1;S742;      0.9981185409 0.997608267 0.9971116754 9.925923e-01
TBXA2R;S329;      0.9991551071 0.996336865 0.9951349626 9.947019e-01
CIC;S1373;        0.9986792525 0.995387886 0.9940229337 9.958579e-01
NHSL2;S342;       0.9983919691 0.999356621 0.9992672717 9.953464e-01
ABCF1;S595;       0.9962375555 0.997163415 0.9969748614 9.998218e-01
NDRG1;S330;       0.9994961912 0.999481546 0.9990608932 9.992395e-01
RBM20;S742;       0.9993590777 0.999876532 0.9996196309 9.987639e-01
CD248;S746;       0.9966851611 0.996582263 0.9962197363 9.903377e-01
EPHA2;S901;       0.9987991401 0.999512837 0.9992970835 9.995378e-01
CDK18;S89;        0.9994506174 0.999419369 0.9989920815 9.993207e-01
USP11;S733;       0.9987785093 0.999924296 0.9998483145 9.987326e-01
RAB3IL1;S168;     0.9987705284 0.999788557 0.9996688242 9.991372e-01
PLEKHA4;S575;     0.9982479670 0.998526296 0.9982510277 9.937835e-01
SLC35B2;S427;     0.9993740960 0.999940563 0.9997049110 9.982889e-01
HNRNPA0;S188;     0.9981792382 0.997198271 0.9964680177 9.995407e-01
MAP1B;S1785;      0.9987839866 0.998042451 0.9973903232 9.996224e-01
MAP1B;S1785;      0.9964376216 0.996829407 0.9964835878 9.998317e-01
BRD4;S1126;       0.9991358674 0.999988980 0.9998369423 9.982196e-01
PSIP1;S177;       0.9981227024 0.998577811 0.9983539345 9.937740e-01
SEC16B;S234;      0.9982320088 0.997475917 0.9969071854 9.925988e-01
NFIX;S268;        0.9990143849 0.999558036 0.9993395737 9.961713e-01
PSIP1;T141;       0.9993539619 0.999380661 0.9989681061 9.994222e-01
 [ reached getOption("max.print") -- omitted 401 rows ]

$combinedScoreMatrix
                        ABL2      AURKA    CAMK2A      CDK1      CDK2      CDK5       CDK6   CSNK2A1     HIPK2
MXRA5;S1304;      0.55489969 0.91681251 0.8362385 0.7806940 0.8151966 0.7173692 0.78744755 0.7802429 0.6740601
HEATR5A;S2032;    0.66592211 0.75231761 0.6903752 0.7186740 0.7654108 0.6451458 0.71676142 0.6072384 0.7439708
TTN;S4761;        0.77640224 0.96874356 0.8465973 0.8018106 0.7821052 0.7229440 0.76374062 0.8047383 0.7904619
KCTD8;S410;       0.63819366 0.75351243 0.7646216 0.6460190 0.6759014 0.5893534 0.64518070 0.5803525 0.6036214
ATP13A5;S833;     0.58206993 0.66916569 0.7009339 0.6842712 0.6971327 0.5856899 0.64587900 0.7375153 0.7671907
TRIOBP;S1176;     0.72049060 0.77664515 0.6933574 0.8490746 0.8986059 0.8395807 0.85791539 0.6294739 0.8600526
NHSL2;S691;       0.66608886 0.83477177 0.6725244 0.7301545 0.6891639 0.6417152 0.64585604 0.7605939 0.6275951
PDGFRA;S767;      0.99952589 0.72442340 0.6119600 0.6708655 0.6752174 0.6069356 0.71678283 0.5799698 0.6511515
MALRD1;T542;      0.80479097 0.83382735 0.6547510 0.6988339 0.6841541 0.5956465 0.74039326 0.5779191 0.7440692
RABEP1;S742;      0.66437176 0.80365557 0.8711782 0.7812256 0.7586802 0.7013476 0.71608184 0.8695347 0.7667349
TBXA2R;S329;      0.69066049 0.83303497 0.7216926 0.6855840 0.6690023 0.6272223 0.71528240 0.6233672 0.6490325
CIC;S1373;        0.66227732 0.67003967 0.6608632 0.7023986 0.7231911 0.6430870 0.69094114 0.6319341 0.7178279
NHSL2;S342;       0.80477526 0.83245817 0.6473336 0.7151841 0.7374981 0.6967483 0.66946466 0.5862194 0.6046663
ABCF1;S595;       0.80386897 0.64445576 0.6142225 0.6398393 0.6665176 0.5442421 0.57292707 0.6927872 0.6485682
NDRG1;S330;       0.49899020 0.61673128 0.4304823 0.5306673 0.5317119 0.4228605 0.55116420 0.4153039 0.5108667
RBM20;S742;       0.69382595 0.75290350 0.6725192 0.6711817 0.6531914 0.5831993 0.66941786 0.5694555 0.6972878
CD248;S746;       0.60843642 0.80208194 0.7461066 0.6736834 0.6767199 0.5886948 0.69202213 0.5584452 0.6037273
EPHA2;S901;       0.74931634 0.75343100 0.6367001 0.7330983 0.6938948 0.6195245 0.66902604 0.6042750 0.7433569
CDK18;S89;        0.69340112 0.78077085 0.7863176 0.6514569 0.6712668 0.5684732 0.57471262 0.6594370 0.6503151
USP11;S733;       0.74966379 0.72541836 0.6403510 0.6656523 0.6937284 0.6114564 0.59855285 0.6640434 0.5810809
RAB3IL1;S168;     0.83289287 0.75306669 0.6296378 0.7134524 0.6713233 0.6135835 0.71642351 0.6834545 0.5576372
PLEKHA4;S575;     0.66516516 0.69493236 0.6507291 0.6807604 0.7142786 0.6204890 0.64562112 0.5842177 0.6276448
SLC35B2;S427;     0.66608402 0.69789900 0.6227256 0.6401878 0.6710542 0.5583672 0.66952074 0.5618316 0.6044330
HNRNPA0;S188;     0.77530725 0.67198196 0.6716773 0.7294159 0.7068650 0.6312934 0.66770093 0.6515807 0.6951257
MAP1B;S1785;      0.74802649 0.83589642 0.6613200 0.7044236 0.7295781 0.6274471 0.64463412 0.6345260 0.7422345
MAP1B;S1785;      0.49793564 0.61727104 0.4291619 0.5301246 0.5313920 0.4233573 0.54918150 0.4128345 0.5087994
BRD4;S1126;       0.74955692 0.72511647 0.6831710 0.7329204 0.7025620 0.6490318 0.69311741 0.6426505 0.6742452
PSIP1;S177;       0.77637349 0.64022677 0.6578240 0.6836049 0.6872851 0.6336902 0.69282949 0.5665387 0.6974440
SEC16B;S234;      0.58087462 0.85837989 0.9174438 0.8429566 0.8036589 0.7675590 0.73962947 0.9363853 0.8596401
NFIX;S268;        0.66583099 0.80577520 0.6795432 0.8305623 0.8908398 0.8087426 0.81115726 0.6549734 0.8836473
PSIP1;T141;       0.69341016 0.64418713 0.6190281 0.6233886 0.6307831 0.5647408 0.69266265 0.5470995 0.7432734
DNMT1;S154;       0.66430895 0.72670046 0.6393323 0.7069927 0.7294091 0.6332566 0.73813814 0.6039352 0.7645990
ACIN1;S386;       0.63663993 0.78133700 0.6677267 0.7042287 0.7609435 0.6237961 0.64368158 0.6393583 0.7878390
NFIX;T267;        0.60878256 0.91795281 0.9030480 0.9458006 0.9410017 0.9262036 0.90381346 0.8270063 0.9975364
COL6A1;S201;      0.63757150 0.77967421 0.7402075 0.6621861 0.6706679 0.5563080 0.66941203 0.6128709 0.6041607
KIF1A;S1479;      0.71948329 0.75399869 0.6676264 0.6393352 0.6346951 0.5708600 0.64342626 0.6429428 0.6479697
PLEKHA4;S778;     0.49847747 0.72217887 0.5866499 0.6245373 0.6512107 0.5353608 0.55120003 0.5743783 0.6508866
                       LATS1      LATS2     MAPK1    MAPK13     MAPK3     MAPK8       MELK      MTOR      PAK1
MXRA5;S1304;      0.87549386 0.87549386 0.6940828 0.8311024 0.7478050 0.7049566 0.82032879 0.7640982 0.9122131
HEATR5A;S2032;    0.72637894 0.72637894 0.6762645 0.6905424 0.7026591 0.6246233 0.85604433 0.6449395 0.7117506
TTN;S4761;        0.77537808 0.77537808 0.7183991 0.9129113 0.7665771 0.6931090 0.85493391 0.7180838 0.8856878
KCTD8;S410;       0.87515905 0.87515905 0.6062624 0.8316843 0.6437628 0.5939408 0.82030598 0.6131892 0.7871888
ATP13A5;S833;     0.75074674 0.75074674 0.6250185 0.6054356 0.6425736 0.6075842 0.89121808 0.6254477 0.6610190
TRIOBP;S1176;     0.77496117 0.77496117 0.8000470 0.7440786 0.8225453 0.7914925 0.74673107 0.7408461 0.6974586
NHSL2;S691;       0.75131647 0.75131647 0.6442335 0.6909608 0.6696097 0.6506531 0.71270614 0.6173445 0.7244852
PDGFRA;S767;      0.77623886 0.77623886 0.6248181 0.6341525 0.6373247 0.5828396 0.71254385 0.6051933 0.7115018
MALRD1;T542;      0.70150543 0.70150543 0.6592100 0.6621480 0.6879555 0.6178718 0.78413209 0.6563251 0.7115170
RABEP1;S742;      0.89865770 0.89865770 0.7183037 0.8838135 0.7758503 0.7655158 0.88972520 0.7940220 0.8348131
TBXA2R;S329;      0.74823909 0.74823909 0.6627477 0.6888015 0.6820938 0.6163885 0.74538942 0.6267359 0.8854777
CIC;S1373;        0.92141338 0.92141338 0.7134087 0.6614140 0.7010880 0.6490564 0.88856387 0.6387635 0.7605198
NHSL2;S342;       0.70134317 0.70134317 0.6417851 0.7732322 0.7046820 0.6489105 0.89139526 0.6183861 0.7232937
ABCF1;S595;       0.77433142 0.77433142 0.6248803 0.5795252 0.6491852 0.6006922 0.74748078 0.5922337 0.6866167
NDRG1;S330;       0.67635672 0.67635672 0.4939675 0.5511788 0.5089706 0.4337542 0.67657505 0.4264603 0.5494424
RBM20;S742;       0.70158172 0.70158172 0.6515927 0.6630169 0.6812317 0.5996226 0.78447676 0.6383603 0.7245283
CD248;S746;       0.82351367 0.82351367 0.6375688 0.6583691 0.6533095 0.5823486 0.78123894 0.5904706 0.8087937
EPHA2;S901;       0.67651662 0.67651662 0.6685888 0.6634438 0.6843042 0.6352934 0.82035621 0.6759819 0.7246590
CDK18;S89;        0.89993072 0.89993072 0.5988216 0.6913492 0.6262792 0.5328342 0.71244359 0.5616091 0.7747095
USP11;S733;       0.72658327 0.72658327 0.6222961 0.6069495 0.6508337 0.5933151 0.85640923 0.5545904 0.6744029
RAB3IL1;S168;     0.72646175 0.72646175 0.6509619 0.7472981 0.6567242 0.6191019 0.74871304 0.6432591 0.6369676
PLEKHA4;S575;     0.70065518 0.70065518 0.6961375 0.7443451 0.7141516 0.6192617 0.92645139 0.6245997 0.7226869
SLC35B2;S427;     0.67679272 0.67679272 0.6104237 0.5786796 0.6188278 0.5450423 0.74854890 0.5496478 0.6117634
HNRNPA0;S188;     0.77398829 0.77398829 0.6459885 0.7475207 0.6476176 0.6417299 0.78293300 0.6080941 0.6992661
MAP1B;S1785;      0.70007249 0.70007249 0.6792075 0.6915156 0.7057364 0.6448907 0.74753582 0.6804008 0.7119813
MAP1B;S1785;      0.67461191 0.67461191 0.4935398 0.5515055 0.5086476 0.4345459 0.67541983 0.4267353 0.5489437
BRD4;S1126;       0.72657557 0.72657557 0.6624865 0.6907418 0.7028105 0.6376819 0.78451253 0.6358666 0.7368630
PSIP1;S177;       0.70072485 0.70072485 0.6360326 0.6882896 0.6432057 0.5681681 0.89062389 0.5990013 0.6726198
SEC16B;S234;      0.92336599 0.92336599 0.7637223 0.8838171 0.8105758 0.7686914 0.99727597 0.8265949 0.8473251
NFIX;S268;        0.75108558 0.75108558 0.7974696 0.9978881 0.8309564 0.8537295 0.85565833 0.7561043 0.7486734
PSIP1;T141;       0.72598737 0.72598737 0.6164392 0.6073298 0.6263047 0.5904076 0.74834339 0.5500122 0.6746118
DNMT1;S154;       0.67449437 0.67449437 0.7266566 0.6355502 0.7113557 0.6228527 0.89060897 0.6595472 0.6866753
ACIN1;S386;       0.84846715 0.84846715 0.6379628 0.6636016 0.6809645 0.5909827 0.78300087 0.6642727 0.7617430
NFIX;T267;        0.87353390 0.87353390 0.9107423 0.9437343 0.9662609 0.9707843 0.85484958 0.9762277 0.9496067
COL6A1;S201;      0.77559367 0.77559367 0.6195938 0.6903975 0.6459935 0.5732866 0.81969561 0.5747898 0.7491937
KIF1A;S1479;      0.72375520 0.72375520 0.5974237 0.6634700 0.6315369 0.5844421 0.74667707 0.6011708 0.6990284
PLEKHA4;S778;     0.72547122 0.72547122 0.5875814 0.6602037 0.6141860 0.5361476 0.74695994 0.5639816 0.6850933
                     PRKAA1    PRKACA     PRKCA     PRKCB      ROCK1   RPS6KA3   RPS6KB1       SGK1      STK38
MXRA5;S1304;      0.8369101 0.8386910 0.9195912 0.8919159 0.87777532 0.9621375 0.8929297 0.92940635 0.85965247
HEATR5A;S2032;    0.7628580 0.6725694 0.7355650 0.7751330 0.71005460 0.7165604 0.6674924 0.67550074 0.60739840
TTN;S4761;        0.8772427 0.9360171 0.9309761 0.8810960 0.84724780 0.8673068 0.8094858 0.85830654 0.77498331
KCTD8;S410;       0.7882350 0.7813788 0.7624161 0.7311901 0.86187642 0.6971153 0.8330524 0.77390732 0.88740478
ATP13A5;S833;     0.7515975 0.6824838 0.6884550 0.7563731 0.67952995 0.6408511 0.6436804 0.75980207 0.60700818
TRIOBP;S1176;     0.6769296 0.6727395 0.7603664 0.6745514 0.64871784 0.7347988 0.6312350 0.66050654 0.63451809
NHSL2;S691;       0.6775885 0.6666418 0.7315719 0.6142727 0.74044608 0.8109648 0.6911316 0.68964189 0.69154769
PDGFRA;S767;      0.6293175 0.6247621 0.7197100 0.6673840 0.71003061 0.6219472 0.6909579 0.64732085 0.74765954
MALRD1;T542;      0.6479606 0.6750163 0.7237624 0.6404922 0.69482734 0.6220471 0.6199512 0.70367213 0.74750210
RABEP1;S742;      0.8101779 0.8513673 0.9580636 0.9160369 0.86219251 0.8480381 0.8092408 0.78711109 0.88630639
TBXA2R;S329;      0.6806068 0.7630929 0.7271525 0.7468337 0.80061893 0.7157526 0.6910472 0.70178286 0.66101521
CIC;S1373;        0.6728485 0.6500625 0.6896250 0.6936233 0.69318505 0.6020097 0.7026932 0.63073664 0.77250223
NHSL2;S342;       0.6846118 0.6687600 0.7390415 0.7023471 0.67943766 0.6783876 0.6550887 0.67522938 0.66329458
ABCF1;S595;       0.6130451 0.6242067 0.6458566 0.6148195 0.70802663 0.6204728 0.6422172 0.60350053 0.63400499
NDRG1;S330;       0.5108501 0.4846144 0.4809064 0.4533508 0.46557978 0.4897021 0.4657207 0.54835189 0.55108033
RBM20;S742;       0.7109279 0.6599643 0.7178645 0.6770302 0.70989884 0.6409128 0.6318040 0.59088393 0.71953915
CD248;S746;       0.7428484 0.7588748 0.7342074 0.6732072 0.67869131 0.8663403 0.7848376 0.84296864 0.82976419
EPHA2;S901;       0.6588003 0.6563573 0.7136847 0.6594697 0.64849580 0.6784357 0.5366018 0.67531509 0.66331103
CDK18;S89;        0.7775489 0.7693306 0.7530722 0.7041502 0.74018636 0.7352951 0.8691998 0.81631495 0.88734362
USP11;S733;       0.6848106 0.6614143 0.6843746 0.6770160 0.69453300 0.6218586 0.7264747 0.61912037 0.74769040
RAB3IL1;S168;     0.6773692 0.6371758 0.7313434 0.6413763 0.55709846 0.6784982 0.5959268 0.63315101 0.66351608
PLEKHA4;S575;     0.6659028 0.6402426 0.7016928 0.7016380 0.67930509 0.6970961 0.6787569 0.77350964 0.60668382
SLC35B2;S427;     0.6257457 0.6140570 0.6375996 0.6141240 0.61844120 0.6031554 0.5962080 0.66144464 0.57946067
HNRNPA0;S188;     0.7063194 0.6917701 0.7542616 0.7758965 0.70851268 0.8288952 0.7024602 0.68815035 0.68977562
MAP1B;S1785;      0.6918608 0.6745606 0.7115138 0.7490661 0.75473211 0.6592114 0.6790066 0.70271861 0.63423416
MAP1B;S1785;      0.5093228 0.4831296 0.4794327 0.4536195 0.46380869 0.4882000 0.4642955 0.54689683 0.54965869
BRD4;S1126;       0.6627209 0.6690818 0.7236839 0.6857390 0.63367421 0.7353555 0.6317000 0.67557632 0.57953350
PSIP1;S177;       0.6621660 0.6644153 0.7564855 0.7285011 0.61826424 0.6781766 0.5837573 0.70301233 0.57871548
SEC16B;S234;      0.8509411 0.8739424 0.9541691 0.9966421 0.80113313 0.8480423 0.9042349 0.89987939 0.83014339
NFIX;S268;        0.7404173 0.7082594 0.7099056 0.7385446 0.81686575 0.8108529 0.9045995 0.88691660 0.71938467
PSIP1;T141;       0.5922814 0.6214891 0.6727437 0.6325498 0.61806880 0.6029974 0.5961986 0.66113746 0.66312956
DNMT1;S154;       0.6429572 0.6304030 0.7009980 0.7312242 0.61659076 0.5829119 0.5952055 0.67386414 0.60561314
ACIN1;S386;       0.6873167 0.7029407 0.7341869 0.7222901 0.70806958 0.7528732 0.5950766 0.67385945 0.74577586
NFIX;T267;        0.8805000 0.8863862 0.9227279 0.9460879 0.92221783 0.8100707 0.9279882 0.95625796 0.97015595
COL6A1;S201;      0.7443755 0.7411374 0.7082212 0.6854558 0.66422160 0.7732559 0.7507384 0.87271692 0.74713386
KIF1A;S1479;      0.7020357 0.6335778 0.6734097 0.6505354 0.75367054 0.6016071 0.6069445 0.64534952 0.68933595
PLEKHA4;S778;     0.6806907 0.5959569 0.6311683 0.5672466 0.54196181 0.6214924 0.5600496 0.64653580 0.57863371
 [ reached getOption("max.print") -- omitted 395 rows ]

$ksActivityMatrix
           WT_exp1    WT_exp2 L166P_exp1 L166P_exp2
ABL2    -0.7754281 -0.9519951  0.8782206  0.8492026
AURKA   -0.9054254 -0.8180921  0.9712988  0.7522187
CAMK2A  -0.8869193 -0.8448043  0.8547602  0.8769634
CDK1    -0.8381211 -0.8922749  0.9141534  0.8146971
CDK2    -0.8569920 -0.8727178  0.9280233  0.8016864
CDK5    -0.9051610 -0.8176315  0.9800455  0.7427471
CDK6    -0.8549322 -0.8765906  0.8375287  0.8939941
CSNK2A1 -0.8003605 -0.9235638  0.7607312  0.9631931
HIPK2   -0.8213100 -0.9085755  0.8219968  0.9078887
LATS1   -0.8173924 -0.9133280  0.8669886  0.8637317
LATS2   -0.8173924 -0.9133280  0.8669886  0.8637317
MAPK1   -0.8495604 -0.8738540  0.9191871  0.8094678
MAPK13  -0.8753429 -0.8508285  0.9631652  0.7630062
MAPK3   -0.8523831 -0.8623412  0.9199229  0.7964492
MAPK8   -0.8542327 -0.8669552  0.9973994  0.7237885
MELK    -0.8248562 -0.9057814  0.8937717  0.8368658
MTOR    -0.8416063 -0.8843266  0.9635725  0.7623604
PAK1    -0.8753429 -0.8508285  0.9191871  0.8103830
PRKAA1  -0.8905702 -0.8377778  0.8556158  0.8727322
PRKACA  -0.9032644 -0.8277377  0.8550068  0.8759953
PRKCA   -0.8960650 -0.8305804  0.8526963  0.8739490
PRKCB   -0.8753429 -0.8508285  0.9631652  0.7630062
ROCK1   -0.8680401 -0.8633347  0.8315530  0.8998218
RPS6KA3 -0.8869193 -0.8448043  0.8547602  0.8769634
RPS6KB1 -0.9196095 -0.8106711  0.8552534  0.8750271
SGK1    -0.8401806 -0.8897196  0.8650636  0.8648366
STK38   -0.8173924 -0.9133280  0.8669886  0.8637317

$weights
    ABL2    AURKA   CAMK2A     CDK1     CDK2     CDK5     CDK6  CSNK2A1    HIPK2    LATS1    LATS2    MAPK1   MAPK13 
4.605170 4.892227 5.347108 6.276643 6.052089 5.438079 4.174387 5.521461 4.499810 3.401197 3.401197 6.514713 4.174387 
   MAPK3    MAPK8     MELK     MTOR     PAK1   PRKAA1   PRKACA    PRKCA    PRKCB    ROCK1  RPS6KA3  RPS6KB1     SGK1 
6.473891 5.298317 3.401197 5.393628 5.857933 5.910797 6.467699 6.278521 5.075174 4.941642 4.700480 4.941642 5.505332 
   STK38 
4.174387 

